composicion,caracter,estrofa,verso,acentos,duracion,xf0,st_M_m,st_tonema,pendiente_verso,pendiente_tonema
001,a,1,1,2,1.4085754241336286,301.0892163490773,8.838956563453875,-3.318951918885519,-0.7559644448803566,-24.03478672364656
001,a,1,2,2,1.2925067380952715,259.6886477760034,5.027628382579775,-3.871439350730114,-1.5349747367745152,-13.613764739763761
001,a,1,3,2,1.3789225169887764,259.6079554566296,5.439071602400751,-4.517929678693774,-1.3692176955742568,-16.093826510093905
001,a,1,4,2,1.302058333468528,253.82236151039086,8.870537164537634,-8.728257127969421,-1.0909223013937306,-44.18695520722284
001,a,1,5,2,1.397213804069274,322.0746482946002,10.016651247356997,-5.409868869065713,-1.2697316586570067,-29.574420415752517
001,a,1,6,2,1.2295813549779844,265.7628185928862,4.091747285730723,-2.279890411632631,-1.1180379097744348,-12.200830776469658
001,a,1,7,2,1.49269418790821,245.85448081040695,6.167304750487737,-3.9080131579820367,-1.9393362160457737,-15.934592612816996
001,a,1,8,3,1.4967429984305767,278.98888485409356,10.160637665347847,0.6608084207452595,5.8901782484527825,1.907091176958923
001,a,1,9,3,1.3344969727576697,272.85524352151174,8.481912174391548,-1.934151905159384,-4.156476849563155,-7.921437250263352
001,a,1,10,2,1.299799706082915,256.45993146573034,10.423901076960366,-6.794859409084535,-2.310932231013019,-26.246816573409212
001,a,2,1,2,1.4520432168756194,298.7344231385957,10.460633660501447,-4.427922137547544,-4.098178815523964,-16.38573070745173
001,a,2,2,2,1.4039159423783225,264.95758833224994,5.563560456809852,-2.2437705807824906,0.7825725250803579,-11.571155060797055
001,a,2,3,2,1.5366816317686478,267.004273434928,7.60021920007774,-0.7405310127999973,0.36756224304656987,-2.2846203117085473
001,a,2,4,3,1.2951044738300226,262.0520739771016,10.249146353011927,-0.9255618846525927,2.7320323460868208,-3.868751596603006
001,a,2,5,3,1.547602280805016,305.0159339782546,9.053782805419829,-3.069735314950079,-3.2577389325255353,-13.10711081002411
001,a,2,6,2,1.4323010331964028,258.1806779897952,4.604832936371407,-2.4593680017803363,-0.5899346971097816,-7.8127242179932885
001,a,2,7,2,1.6467552439540682,234.06194987280293,5.355387543970053,-1.1495557946626915,0.2733247312244266,-3.9104818375928923
001,a,2,8,2,1.3776157735522645,267.8944092206837,17.94252401899908,2.532191004363338,5.919378439967213,7.445040347460476
001,a,2,9,3,1.6338301928430852,249.32466640102433,4.7214315882265785,-0.8781622532892726,0.18993111653274472,-3.3548920971146776
001,a,2,10,3,1.487781388570511,244.2522771853748,6.505340419700465,-0.6191768611551258,1.03251476761506,-1.6168583536847423
001,a,3,1,2,1.3211169036864874,247.31276839116254,6.281965440517018,-2.1459621266185995,0.5549531249607051,-11.182476712775804
001,a,3,2,2,1.3102169323335104,253.54796696355805,7.1168189785440745,-6.452466823678678,-1.499250816451217,-18.685664497217495
001,a,3,3,3,1.379504039542752,264.74896268282805,8.438915748008792,-3.236661850008675,0.6957664040396382,-11.901905831153355
001,a,3,4,2,1.3548791781157163,240.14048075978258,5.377788166724229,-5.192078590850614,-1.0230087936945036,-20.187836213052172
001,a,3,5,3,1.4387446242416786,291.598856956545,8.286625323193267,-3.2911910171479417,-2.188855955329964,-20.011194253074724
001,a,3,6,2,1.530992996332806,251.51601259323752,6.742376208742394,-3.2385663100765116,-1.4042829454076446,-14.781712976879723
001,a,3,7,3,1.6144764356322128,240.81995621693517,5.760382206803024,-3.9564386819430486,-1.13731702548972,-19.67395130291684
001,a,3,8,2,1.4073875347556424,258.46322422728196,9.370734363410442,0.9335313673773556,4.891041154898096,2.5350655935291004
001,a,3,9,3,1.2574324036690214,302.209849167773,12.041046759057938,-6.410946412298113,-5.527811333829481,-29.48289005956104
001,a,3,10,2,1.1174804945320602,239.41719989204273,20.33319141885653,-13.469461419613024,-8.046102152417696,-71.91181631433166
001,a,4,1,3,1.4359988962616939,289.7216151434661,4.752881616319584,-2.4728558576544835,-1.9444082098002522,-13.158213457105308
001,a,4,2,3,1.6018446624144786,249.38523646135405,5.409222456253748,-1.9189323544769818,-0.44185891614343265,-12.333155926695817
001,a,4,3,3,1.20705229340264,239.62019382830462,2.746052385748962,-1.1151558452189854,-0.9535803675591661,-13.84399468762721
001,a,4,4,2,1.3804302985578687,245.01339597619858,7.839676003226245,-5.293648954649426,0.5013469370352455,-19.909969997069787
001,a,4,5,3,1.5106066050343259,334.97819988940483,9.721198216612615,-4.622993279334727,0.9454680996098918,-19.572211577644463
001,a,4,6,3,1.4344538061267826,278.4606748844077,4.414866374732029,-2.1595639945309824,-0.374357939547194,-17.42439240747658
001,a,4,7,2,1.7598633216032482,252.81195742755236,4.4188688385947925,-0.9599615264124013,-0.36001453489587315,-7.103411083439333
001,a,4,8,2,1.5290844937099308,281.372340208248,11.0333321855463,1.9216720988707612,4.711307403257037,5.910947500143274
001,a,4,9,3,1.4179038908730632,293.18841602375005,6.70691538427418,-2.755594894897495,-1.1048504710757294,-11.381056808572236
001,a,4,10,2,1.6247666693972747,264.20998396577295,10.020981516886051,-7.429589737180243,-4.142853945807568,-54.53920106453994
001,a,5,1,2,1.758519368865393,305.45443167305194,14.338571451154232,-6.328995014973515,-0.4719355373617564,-19.354065529346286
001,a,5,2,3,1.7376967944622095,283.5282603875443,8.413162747624117,-6.9227154775509465,-0.8109863747903256,-18.501568891558925
001,a,5,3,3,1.8300409901416401,281.42203695881034,8.201418500731094,-4.03201791812771,1.4987422070646284,-12.616845573236978
001,a,5,4,2,1.6493417513404012,270.47973705087577,10.08340740952175,-9.204801982033239,-1.972378797095803,-22.446842384140357
001,a,5,5,3,1.5815423819767176,360.3570370558426,8.15152780822369,-2.533513065064913,-1.445264226655735,-6.673548275725158
001,a,5,6,2,1.4119995266300833,311.7887245722173,8.212844953047306,-2.213701073158683,-1.0774792365730754,-6.52154267565576
001,a,5,7,2,1.4393109742585324,282.8020789995808,5.007848540160502,-3.924572104490947,-2.431405593147949,-13.940079261232121
001,a,5,8,2,1.5172771488453662,318.1860410111045,12.413078403919833,-0.7290269158311845,6.689654014510828,-4.137953019984255
001,a,5,9,3,1.3870428252165539,350.3543351958743,7.153215677714573,-3.5355962263705694,-3.0715240634549135,-19.41316186196353
001,a,5,10,2,1.6505173082358482,282.6411745369191,19.5263339798001,-18.75311154509933,-7.612981869487976,-37.23270414917614
002,b,1,1,3,1.768546082125475,257.4626333012648,8.323875103738619,-2.4714151690601205,-1.7552280869988226,-8.473534747349085
002,b,1,2,3,1.3253954256915677,214.63485616701647,3.99456697108052,0.16262137444739633,-0.42685593286053297,0.5145961005137645
002,b,1,3,2,1.459910599119283,216.65045094337538,3.561476685535145,0.718736564324628,0.2703745513598696,2.8835760642311636
002,b,1,4,2,1.3718865364845954,234.6377579147232,6.100746354386648,-4.609498898786375,-0.09713901889926474,-20.2682746737792
002,b,1,5,3,1.4418886495211005,283.3628135677016,7.6847392646694015,-1.2277329190878676,-2.606737702584709,-4.592150763092268
002,b,1,6,2,1.3500976779375193,225.13042294142937,4.77418363855954,-2.6925790488151984,-2.330155959757565,-11.896752897014856
002,b,1,7,3,1.2712345779792855,240.5700394713296,8.645541185531565,-0.6177405539987821,-3.031545385430385,-2.455431695380309
002,b,1,8,2,1.1370909513253906,230.36040060482605,7.684658983785365,1.0522977257556887,6.532096003216775,8.949849509061773
002,b,1,9,2,1.2121074993237713,243.50939419458513,9.132081912773787,-3.929140406134456,-3.432151293361825,-25.982711286575785
002,b,1,10,2,1.3403387367207316,208.00546860267391,3.8198347871315006,-0.6416144808910051,0.37881467796796464,-2.3472708837267455
002,b,2,1,3,1.402979619705846,247.30831145327272,7.858971154773421,0.8025931691811914,-2.4337507267235514,5.502233410626442
002,b,2,2,3,1.4410521619750298,233.68111943454375,5.410844788571616,-3.210712423534324,-1.3660646624530879,-10.860302416190782
002,b,2,3,2,1.436413251012013,248.60369729748058,7.024493841564089,-1.8755105810893449,1.6982831011360866,-6.973706677675096
002,b,2,4,2,1.4570749588000496,238.6958687339967,5.336966899492847,0.7326062653560749,1.1734821713244366,4.384667851423813
002,b,2,5,2,1.329621793807263,279.54044059900195,7.715374224003667,-0.4298256699700448,2.2940744174032877,-4.5436224435246695
002,b,2,6,2,1.4661011756965223,264.98611977114757,6.683007508412546,-3.8067274375026363,-2.303716096291888,-13.086236094141857
002,b,2,7,3,1.5833409124468218,248.19547060599623,6.490135458571581,-1.813367150591124,0.1391957267679361,-6.770064745141642
002,b,2,8,3,1.6036568847274069,288.21652820714235,12.026225045309252,3.681465311894894,6.567979806240945,11.43103653137556
002,b,2,9,3,1.4368275746137869,315.8893231154908,11.16279436629364,-9.183212029722128,-5.195761887806142,-25.662680743766504
002,b,2,10,2,1.269572651706035,261.4986769913862,11.063879158081571,-10.899386222701377,-3.6538557971901744,-30.30703076308776
002,b,3,1,2,1.4191430999991397,253.95370108113553,7.616141500885217,-2.520593287329404,-3.409867515210047,-8.655848592643363
002,b,3,2,2,1.4593115046068874,247.6686344097252,6.96142132590302,-5.2070379020294135,-0.6689627931809918,-23.660451757051078
002,b,3,3,2,1.2437254711374095,279.06602273900876,10.302744198558608,-1.2393442580061462,1.3268143477625771,-10.394777358095888
002,b,3,4,3,1.435399360927903,251.59905176604315,9.791597225991236,-8.970713394941454,-4.73975730874783,-43.98043649634195
002,b,3,5,3,1.5234986418276293,283.49782535492466,9.963961460289468,-7.345521804474824,-2.7445039677064194,-32.90875393545299
002,b,3,6,2,1.4789108378069784,242.85249204331328,7.5332807110433375,-5.037724042328179,-0.42403663173889744,-15.643712959450543
002,b,3,7,3,1.4617385682282418,230.92955038535922,4.072616416556089,-0.3803410024543077,-0.7987188750867898,-0.8492777823277298
002,b,3,8,2,1.355241118028161,253.5181266508182,9.762558283290423,2.876037467015605,5.855928833212941,7.765360083975903
002,b,3,9,2,1.442192782973848,250.13854117102076,7.390402258713895,-4.712455224839802,-1.5015106243050549,-16.94196961527129
002,b,3,10,2,1.3336279572134373,232.46474849473853,8.86335974708803,-6.3033525128796395,-2.487816902970661,-17.921173540163434
002,b,4,1,3,1.4658160204468516,247.6378536039802,5.051164392043088,-0.8320652841761449,-1.2216058119688977,-4.09953100107414
002,b,4,2,3,1.4613891191214492,256.16508795047275,4.065536061445597,-1.4089712841365696,0.4197849266663253,-12.527165595512207
002,b,4,3,3,1.4347437717055698,266.4617541362448,5.968029064799948,-2.660163534467822,0.3448416164119895,-15.506560210189408
002,b,4,4,2,1.4389065026471286,281.7969857269465,6.760855888627756,4.613589254755042,3.2101155840939075,3.8245516678087292
002,b,4,5,2,1.4444810199265987,301.71666869293006,8.016554499748992,-5.991000663275169,-5.003959868446041,-22.96180819666831
002,b,4,6,3,1.507609570872546,265.4000101426687,6.020366210474359,4.331949566166886,3.018300222265256,4.039461686733499
002,b,4,7,3,1.5195637672338904,253.60445090027855,3.680405987076175,-0.414919633977605,-1.8624274911643062,-1.096207839117096
002,b,4,8,3,1.5494171112086832,250.10302393785216,9.116131534216738,4.164557883993484,4.620373095327915,14.433238380987907
002,b,4,9,2,1.5104558308515976,266.7938359416489,7.575833381650272,-1.4569553841238092,-0.9393556424183476,-5.753877139464742
002,b,4,10,2,1.6557457745046662,261.723776842044,6.033922711052117,-3.5562345179046972,-0.26768132701422875,-8.957781715427222
002,b,5,1,3,1.4031067204576715,291.1438185473799,8.894790112316871,-1.6659225513687566,-1.5416335054995725,-7.9679777772347125
002,b,5,2,2,1.4539743819036204,248.86399438813535,7.769727897179913,-5.989797079028904,-1.7941028737333045,-19.62798988282149
002,b,5,3,2,1.4688456386138853,318.6574894377843,5.821208570169995,-3.552216125231637,-0.9107228455183254,-12.091235310782798
002,b,5,4,3,1.4417910247364887,276.9917345330286,7.262890856221874,4.0913799806003635,3.4644412090794416,3.514092237225213
002,b,5,5,2,1.52315488393225,295.3495877906255,7.628017710946439,-4.090457518335328,-0.7303516220738445,-25.27611420813902
002,b,5,6,2,1.2853358760493307,272.5464042698442,7.899987979327232,-7.878495451228018,-3.4670412965182114,-53.395030794063864
002,b,5,7,3,1.2585767384281752,299.7932051443884,6.744272022312876,-2.1812370985282215,0.11407960674915013,-20.656628359601733
002,b,5,8,2,1.4052756888487892,302.75621019226185,9.657793308022656,2.206620910344678,1.841620610152734,1.8836877670896575
002,b,5,9,2,1.5104772035848981,290.90191181082156,10.469470308964722,-4.07581553655278,-2.905648015992524,-23.086834089785604
002,b,5,10,2,1.3646899103671046,252.41453341664675,7.091162550268417,-4.00818075422485,-1.4984882985514365,-22.17573354783748
003,z,1,1,2,1.3245248129707006,328.639380712369,6.760805843861286,-4.363174438637789,-0.8901288298733105,-22.11957199119279
003,z,1,2,3,1.3014430777436479,297.95297069832964,8.044727352729016,-6.973891361117597,-2.3867284528695145,-23.05775873802606
003,z,1,3,3,1.3613534359558406,323.962328388974,9.422127873589519,-6.040081588060636,-3.1400891304955967,-25.0831773516468
003,z,1,4,3,1.2139048284395684,298.9565090696159,8.063013262617403,-7.909338424833417,-4.250173722087923,-28.802321081596546
003,z,1,5,3,1.1955814237763578,328.8019785742228,9.625734355284298,-4.374982892176797,-3.91490368692092,-17.795554980069216
003,z,1,6,2,1.1919174732913964,291.5580542878977,6.582429383542435,-1.311690939615693,-4.3220895651144415,-4.921634234514532
003,z,1,7,3,1.0436623505841514,297.495406796609,7.530433792114325,-1.7331457421509744,-2.849877813672415,-19.15550743102195
003,z,1,8,3,1.2753195195867537,288.43289566037555,8.911049400859039,2.2664015719946438,4.343613401430029,6.960784878980504
003,z,1,9,3,1.2408857454140136,322.5675770855291,9.417448713490113,-5.982034823293977,-4.168720659836404,-20.61279359354698
003,z,1,10,3,1.1856760763570833,283.5817797865287,8.553584513077357,-2.881034008015233,-0.08945996754996197,-8.45677816245916
003,z,2,1,3,1.30615690023882,307.36567741101425,10.242089413762216,-6.163953611369502,-5.4877920483542155,-19.250099690315313
003,z,2,2,3,1.197183063728776,281.3386061869715,7.682556705399582,-7.4681777568227385,-2.33154640895136,-32.11276240217043
003,z,2,3,3,1.1863078699543834,313.82344041179823,7.147903650907428,-3.4758053675983547,-2.1120459470352597,-14.459889735996837
003,z,2,4,2,1.168704768032196,274.45050705996545,7.684856778109562,-5.467898638855024,-3.411535029727386,-16.424226471609554
003,z,2,5,3,1.3484195838873525,334.00987138262946,6.909826933324137,-0.7130320774435585,-0.23648540515151822,-2.6031464620193816
003,z,2,6,2,1.2593018830257918,301.5631086722543,9.006669032549045,-7.660722952300516,-4.416553532199656,-19.93595749564973
003,z,2,7,3,1.1835994534728975,296.399005609384,5.743235056914682,-4.263761016141357,-2.7207934049485853,-14.575531538230486
003,z,2,8,2,1.2125412038195194,300.06103170928424,9.07023059303518,0.0030609223437113877,6.477078918697053,0.023496580349917605
003,z,2,9,2,1.23617595005188,309.0103157794214,7.600268631141674,-2.15982265734377,-0.9990757453755399,-12.13018671264082
003,z,2,10,2,1.3574594221681302,293.8152584784371,10.675675435471877,-10.12842073348503,-4.1330825757623115,-27.900218298718695
003,z,3,1,2,1.220098031432343,316.2589913235089,8.934858030021275,-1.8539400880175636,4.201757676165288,-9.59342417782727
003,z,3,2,2,1.236792535258484,284.85119171674114,8.270013682867711,-7.982381712783559,-4.827362175282365,-31.639588869115936
003,z,3,3,3,1.2617811032419581,316.46824771941635,7.6435887656973005,-5.4003523537739895,-2.394002236223572,-26.203391262789967
003,z,3,4,2,1.136273909767894,288.3658712294847,8.350539719295487,-8.270658351817437,-1.9810680898218138,-37.4532682504156
003,z,3,5,2,1.2013321140395021,337.67712531839686,7.712376425988824,-3.433363487879526,0.7106433477958903,-19.459245330571797
003,z,3,6,3,1.2784010816160958,297.73808839988726,9.20500985935868,-8.716717571700569,-4.010530570134835,-28.396197463297934
003,z,3,7,2,1.1893068571690506,295.2726838947438,6.206359626455467,-4.406760687506907,-2.2622634584867836,-20.849543792405655
003,z,3,8,2,1.3268069207412552,311.4884436550228,10.081880706227922,0.9071839515720492,6.647904056705773,2.705326028764714
003,z,3,9,2,1.1191683082343715,322.596158288575,5.161686160493624,-1.8483140602377848,-2.85025709785264,-8.54907948020483
003,z,3,10,2,1.216593188556331,301.168418163546,9.120973803548521,-7.848458888562556,-4.616696610324938,-26.437169198895365
003,z,4,1,3,1.1649548396175362,320.5687766759614,4.6777870056164135,-3.124991798077695,-0.9145582306668442,-17.985689058083096
003,z,4,2,2,1.2193545687760334,277.09752974163655,7.104718016588842,-5.750999234058877,-3.3380676492355703,-22.168289816154
003,z,4,3,3,1.3520003665700102,304.91466060723803,7.889858797730352,-2.5288042943138045,-1.6754279093632756,-14.22542544194743
003,z,4,4,2,1.0850433507037778,277.70075243012604,7.436966672363996,0.8276577349546375,1.6207379306393424,2.781833191242388
003,z,4,5,3,1.3020073055733263,338.52322021285136,5.427032457617972,-0.5702543218447995,-1.7184690732110584,-2.1209426669008136
003,z,4,6,2,1.4345283897446848,292.6810904765852,8.251316420658192,-7.582370308636868,-3.8788650482081084,-24.085267058927858
003,z,4,7,2,1.3215879032417561,319.73204172936545,6.262718389819912,-3.868479688909205,-3.2563896096259066,-14.613537432111906
003,z,4,8,2,1.372853622559255,306.7392457339375,8.930254991784343,0.6953402625287325,3.9788359197843146,2.3503911003112674
003,z,4,9,2,1.2157266048629367,308.5068982887436,4.866963065943711,-2.1116617257349937,-2.331365045520262,-10.881992722174974
003,z,4,10,2,1.1185780224494977,296.9951343171753,7.639840153133015,-7.564133824866648,-3.92962292047955,-30.246553231801386
003,z,5,1,2,1.3336338268000958,296.7600266736393,6.110649697828767,-4.6558077132481825,-0.46067836483875585,-16.94932738765252
003,z,5,2,2,1.1643562229199986,287.1404847668611,6.525198312394618,-2.3246150787372217,1.463374346941823,-39.511298620557056
003,z,5,3,2,1.1567386507020387,337.6088058352566,6.099974235358094,-3.9343798197131044,-0.014235091976712199,-54.18912717417301
003,z,5,4,2,1.2200009233280298,292.4572709090993,7.860086419401641,-6.292497682804806,-5.40882247821946,-17.427451574323232
003,z,5,5,2,1.241109478506985,294.2456767822899,6.7432187688748275,-4.860528558592793,-1.9114938291207562,-15.541056595348993
003,z,5,6,2,1.084546007459906,266.1220260631039,6.19082617009964,-4.122399701715311,1.3109202099797628,-42.269459546499185
003,z,5,7,2,0.995697368073607,281.5669973390368,6.594981946594216,-0.8568483270858637,-1.7534830796635952,-12.587339085396026
003,z,5,8,2,1.2194675623141649,301.43654479213416,10.041883877942205,0.7821040588092951,6.086393137444221,2.6814452439653382
003,z,5,9,2,1.009478132943272,329.5230785068458,4.533605307968356,-3.8682081353948092,-1.7269711562686905,-23.974978137765362
003,z,5,10,2,1.132848494830128,303.7856066847497,7.278682079468317,-1.439857709105145,-0.9991831633144082,-26.296785195318208

