composicion,caracter,estrofa,verso,acentos,duracion,xf0,st_M_m,st_tonema,pendiente_verso,pendiente_tonema
002,n,1,1,3,1.768546082125475,257.46263330126493,8.323875103738619,-2.4714151690601205,-1.7552280869988226,-8.473534747349085
002,n,1,2,3,1.3253954256915677,214.63485616701647,3.99456697108052,0.16262137444739633,-0.42685593286053297,0.5145961005137645
002,n,1,3,2,1.459910599119283,216.65045094337555,3.561476685535145,0.718736564324628,0.2703745513598696,2.8835760642311636
002,n,1,4,2,1.3718865364845954,234.6377579147232,6.100746354386648,-4.609498898786375,-0.09713901889926335,-20.2682746737792
002,n,1,5,3,1.4418886495211005,283.3628135677016,7.6847392646694015,-1.2277329190878676,-2.606737702584709,-4.592150763092268
002,n,1,6,2,1.3500976779375193,225.13042294142934,4.77418363855954,-2.6925790488151984,-2.3301559597575685,-11.896752897014856
002,n,1,7,3,1.2712345779792855,240.57003947132955,8.645541185531565,-0.6177405539987821,-3.031545385430387,-2.455431695380309
002,n,1,8,2,1.1370909513253906,230.36040060482605,7.684658983785365,1.0522977257556887,6.532096003216771,8.949849509061773
002,n,1,9,2,1.2121074993237713,243.50939419458513,9.132081912773787,-3.929140406134456,-3.432151293361825,-25.982711286575785
002,n,1,10,2,1.3403387367207316,208.0054686026739,3.8198347871315006,-0.6416144808910051,0.37881467796795903,-2.3472708837267455
002,n,2,1,3,1.402979619705846,247.30831145327278,7.858971154773421,0.8025931691811914,-2.4337507267235514,5.502233410626442
002,n,2,2,3,1.4410521619750298,233.6811194345437,5.410844788571616,-3.210712423534324,-1.366064662453091,-10.860302416190782
002,n,2,3,2,1.436413251012013,248.60369729748078,7.024493841564089,-1.8755105810893449,1.6982831011360842,-6.973706677675096
002,n,2,4,2,1.4570749588000496,238.6958687339968,5.336966899492847,0.7326062653560749,1.1734821713244366,4.384667851423813
002,n,2,5,2,1.329621793807263,279.54044059900184,7.715374224003667,-0.4298256699700448,2.2940744174032877,-4.5436224435246695
002,n,2,6,2,1.4661011756965223,264.9861197711475,6.683007508412546,-3.8067274375026363,-2.303716096291886,-13.086236094141857
002,n,2,7,3,1.5833409124468218,248.1954706059962,6.490135458571581,-1.813367150591124,0.13919572676771502,-6.770064745141642
002,n,2,8,3,1.6036568847274069,288.2165282071424,12.026225045309252,3.681465311894894,6.567979806240945,11.43103653137556
002,n,2,9,3,1.4368275746137869,315.88932311549087,11.16279436629364,-9.183212029722128,-5.195761887806142,-25.662680743766504
002,n,2,10,2,1.269572651706035,261.49867699138616,11.063879158081571,-10.899386222701377,-3.653855797190153,-30.30703076308776
002,n,3,1,2,1.4191430999991397,253.95370108113605,7.616141500885217,-2.520593287329404,-3.409867515210047,-8.655848592643363
002,n,3,2,2,1.4593115046068874,247.66863440972537,6.96142132590302,-5.2070379020294135,-0.6689627931811075,-23.660451757051078
002,n,3,3,2,1.2437254711374095,279.06602273900893,10.302744198558608,-1.2393442580061462,1.3268143477625742,-10.394777358095888
002,n,3,4,3,1.435399360927903,251.5990517660433,9.791597225991236,-8.970713394941454,-4.739757308748121,-43.98043649634195
002,n,3,5,3,1.5234986418276293,283.4978253549246,9.963961460289468,-7.345521804474824,-2.744503967706398,-32.90875393545299
002,n,3,6,2,1.4789108378069784,242.85249204331336,7.5332807110433375,-5.037724042328179,-0.424036631739044,-15.643712959450543
002,n,3,7,3,1.4617385682282418,230.92955038535925,4.072616416556089,-0.3803410024543077,-0.7987188750867876,-0.8492777823277298
002,n,3,8,2,1.355241118028161,253.51812665081763,9.762558283290423,2.876037467015605,5.855928833212857,7.765360083975903
002,n,3,9,2,1.442192782973848,250.1385411710207,7.390402258713895,-4.712455224839802,-1.5015106243050518,-16.94196961527129
002,n,3,10,2,1.3336279572134373,232.4647484947386,8.86335974708803,-6.3033525128796395,-2.4878169029706316,-17.921173540163434
002,n,4,1,3,1.4658160204468516,247.63785360398043,5.051164392043088,-0.8320652841761449,-1.2216058119688946,-4.09953100107414
002,n,4,2,3,1.4613891191214492,256.16508795047287,4.065536061445597,-1.4089712841365696,0.419784926666321,-12.527165595512207
002,n,4,3,3,1.4347437717055698,266.46175413624456,5.968029064799948,-2.660163534467822,0.34484161641152505,-15.506560210189408
002,n,4,4,2,1.4389065026471286,281.79698572694656,6.760855888627756,4.613589254755042,3.2101155840938698,3.8245516678087292
002,n,4,5,2,1.4444810199265987,301.71666869293085,8.016554499748992,-5.991000663275169,-5.003959868445989,-22.96180819666831
002,n,4,6,3,1.507609570872546,265.40001014266875,6.020366210474359,4.331949566166886,3.0183002222642945,4.039461686733499
002,n,4,7,3,1.5195637672338904,253.60445090027855,3.680405987076175,-0.414919633977605,-1.862427491164285,-1.096207839117096
002,n,4,8,3,1.5494171112086832,250.10302393785213,9.116131534216738,4.164557883993484,4.6203730953275635,14.433238380987907
002,n,4,9,2,1.5104558308515976,266.793835941649,7.575833381650272,-1.4569553841238092,-0.9393556424183507,-5.753877139464742
002,n,4,10,2,1.6557457745046662,261.7237768420443,6.033922711052117,-3.5562345179046972,-0.26768132701458713,-8.957781715427222
002,n,5,1,3,1.4031067204576715,291.14381854738025,8.894790112316871,-1.6659225513687566,-1.5416335054995551,-7.9679777772347125
002,n,5,2,2,1.4539743819036204,248.86399438813547,7.769727897179913,-5.989797079028904,-1.794102873733961,-19.62798988282149
002,n,5,3,2,1.4688456386138853,318.6574894377846,5.821208570169995,-3.552216125231637,-0.9107228455183154,-12.091235310782798
002,n,5,4,3,1.4417910247364887,276.9917345330289,7.262890856221874,4.0913799806003635,3.464441209079195,3.514092237225213
002,n,5,5,2,1.52315488393225,295.3495877906258,7.628017710946439,-4.090457518335328,-0.7303516220738472,-25.27611420813902
002,n,5,6,2,1.2853358760493307,272.54640426984406,7.899987979327232,-7.878495451228018,-3.4670412965183908,-53.395030794063864
002,n,5,7,3,1.2585767384281752,299.7932051443886,6.744272022312876,-2.1812370985282215,0.11407960674914873,-20.656628359601733
002,n,5,8,2,1.4052756888487892,302.75621019226196,9.657793308022656,2.206620910344678,1.8416206101523611,1.8836877670896575
002,n,5,9,2,1.5104772035848981,290.9019118108215,10.469470308964722,-4.075815536552778,-2.9056480159925213,-23.08683408978559
002,n,5,10,2,1.3646899103671046,252.41453341664737,7.091162550268417,-4.00818075422485,-1.4984882985514207,-22.17573354783748
006,p,1,1,2,1.524313384241305,302.63118800455356,11.29210178090064,-5.630087653838787,-0.756376156299145,-25.648130907006966
006,p,1,2,3,1.5738278864326471,259.91768577147127,8.321980169968299,-7.50382144975865,-2.3618362257067163,-24.80500650571015
006,p,1,3,2,1.4244865541434182,317.3838519645067,10.840456649928038,-7.690022897003551,-2.7411182099259537,-38.26893996524722
006,p,1,4,3,1.391283472811904,245.42679120805786,9.701399359519655,-8.45073835309941,-1.725891658205349,-33.64367602315334
006,p,1,5,2,1.3298628225188684,285.3031965120061,9.724512101300558,-9.074845896704927,-0.32384469216620865,-33.91640379759131
006,p,1,6,3,1.3730224119825731,248.6644208949438,7.283254397422939,-6.564975432230312,-1.1833124968018292,-22.893373319690276
006,p,1,7,2,1.340616288101124,251.69472568448114,5.569751682660483,-3.6006765639216667,-0.9606424897383709,-16.03063338836305
006,p,1,8,2,1.3744227519142758,292.6029253820565,15.413377440466379,1.8162697556856815,9.498278557696377,7.39621163863323
006,p,1,9,1,1.1272649598147506,320.24359935190955,11.528119656465416,-6.559596853058761,-9.453886165946278,-48.051146958773444
006,p,1,10,4,1.2636042357212904,248.0843008319846,10.437900733858575,-1.1907735322908752,1.5956285206940666,-7.598804413470202
006,p,2,1,3,1.421740416814533,355.4302411016385,8.618987765392689,-5.588076600866241,-2.9478476032915983,-25.318349173144572
006,p,2,2,2,1.3643738054344823,274.2936621804571,9.946292591390531,-9.764980633125667,-4.632617334962345,-28.125208199599744
006,p,2,3,2,1.3315792448514223,336.35408890739416,6.978443300279052,-4.567095977785089,-0.42401539878140176,-22.52168210184226
006,p,2,4,2,1.319070386548102,270.68228244813685,10.910142779031375,-9.537753665077226,-4.170084570856251,-25.692089172309444
006,p,2,5,4,1.5078998738588858,340.9884780833721,10.31548964165583,-6.0980623559952685,-3.740378189106189,-25.553566205015844
006,p,2,6,2,1.3843497332589934,273.2398710057878,9.580027576768446,-8.782591626779777,-3.869933938803036,-26.754345397661886
006,p,2,7,3,1.3631992749409534,286.19611818230766,8.708172968003016,-2.564255106141405,-4.047080666839604,-13.718676159058445
006,p,2,8,2,1.5176500433853555,297.9708020899162,15.69613973762985,3.786154875071663,8.581981337478993,12.587531412821221
006,p,2,9,3,1.1593596521649054,343.79657756926565,11.783064372651424,-3.0134242452034323,-7.4210530695750565,-15.938514210311551
006,p,2,10,2,1.44527460775344,243.80743756907893,8.19841878509725,-6.490302630791959,-2.8821019405522965,-16.757493548531503
006,p,3a,1,2,1.4114500681877757,344.76620220967595,7.18861208560759,-4.951798200305169,1.223187030066095,-20.603309713117806
006,p,3a,2,2,1.1552474380354596,280.13954392112953,8.95174848111005,-5.085315304124975,-2.403900687106251,-26.228150515186424
006,p,3a,3,2,1.5269867883543924,256.4811361759335,6.857343804146246,-2.206356337181397,0.5200219257973059,-16.613610066602195
006,p,3a,4,2,1.429989083137805,258.53664045078415,8.886915428331525,-7.021059631027846,-0.6993205171360883,-24.164453521940647
006,p,3a,5,3,1.4294674248207286,336.97154508897023,11.030355656866229,-6.361789322725775,-5.619724522650274,-24.23019701094887
006,p,3a,6,4,1.4028705770213108,259.29626058189956,9.790142856456779,-3.319415019374799,-0.14180574069974752,-28.816535202918182
006,p,3a,7,2,1.1712479975504237,242.78589288534357,5.759676183233507,-0.680245507617298,1.4665893988100362,-8.86345614997384
006,p,3a,8,2,1.4902209414298895,314.8450275129872,13.352824226128565,3.7067440234084232,6.698087690366742,8.430067902643895
006,p,3a,9,3,1.3611296809058402,289.8123751184652,12.990952962750097,-3.1709151463335603,-8.085535603834005,-11.804673896660416
006,p,3a,10,3,0.994646863376623,231.33902010925365,18.5601855053475,-2.092830141483362,-0.0820174402400436,-20.318180780934792
006,p,4,1,2,1.2692580863413738,272.81806091291884,9.090954399635073,-5.747271444651394,-0.7930775682469747,-39.40215092778242
006,p,4,2,3,1.2241568490158983,242.06373354960257,6.674816550872981,-4.447667168887061,-0.48101113579908833,-27.755831810117417
006,p,4,3,2,1.2119739565075633,278.3428616745481,9.437882113434286,-4.876908056060287,-0.0656475866232352,-30.04927831744338
006,p,4,4,2,1.2236662953979263,254.76317501884213,10.545616705258993,-8.958143223107825,-0.34756282903145475,-33.542174878216464
006,p,4,5,2,1.2050217336715292,342.7465068195512,9.38937719279701,-3.8532624633142536,2.242543333577253,-26.79459032498636
006,p,4,6,2,1.539196222269318,269.1461699822411,7.538146316059286,-5.282311071737221,-3.3375745989205945,-21.606955676996723
006,p,4,7,3,1.526654672851933,237.83385503336368,5.707184945116277,-3.4184198651321545,0.7406960730809057,-14.10132641878945
006,p,4,8,3,1.5560828708616299,292.31534727232315,15.165136322909605,1.0935955876883525,8.13149959608983,3.6212289533006046
006,p,4,9,3,1.0188610572466956,351.0674612261564,10.710572921061525,-3.2351201420869278,-8.295336591925127,-21.87129441149284
006,p,4,10,3,1.2771899892283614,239.32959143556735,17.062525491462445,-13.242025687186532,-8.824509300709728,-46.37203930032771
006,p,5,1,3,1.3629808580957103,350.79836356499214,7.297754195148508,-4.149668321831433,-0.7639525140500526,-18.182598824420563
006,p,5,2,2,1.1749306940432547,283.0134775459456,7.005623941217797,2.4693088047737493,1.2811301974217972,10.104412079780666
006,p,5,3,3,1.3395934547696413,243.75075122954925,4.553582813229355,-2.0899448831168708,-1.605770743812394,-19.40942086442663
006,p,5,4,3,1.4832565581007202,274.66820189951403,12.138491186140417,-10.474531284451821,-0.24504640943366843,-32.41422409522442
006,p,5,5,2,1.4520783852539694,350.9486136924523,11.045141948647162,-5.109474218959189,-1.1164722145224062,-22.791570286586825
006,p,5,6,3,1.5945029321926825,287.1399586138284,10.824100198654921,-6.291799548967984,-2.088242714990247,-22.906407597188302
006,p,5,7,2,1.4495481201751659,242.88568861503944,5.699961538250126,-2.3586542626392393,-0.16897538229526096,-10.244256618015974
006,p,5,8,3,1.6782164841766445,308.54122521646445,13.774920006688948,2.0071165933369577,7.529755241420738,4.615225142019357
006,p,5,9,3,1.3390307482240473,347.4937717567524,12.11242486720317,-3.2555551633597366,-4.630812158236322,-12.895436888281017
006,p,5,10,2,1.2178570019849388,252.28004228373112,10.621246691095417,-6.268820118270433,-7.47346361042053,-41.404523601939616
cen,0,1,1,2,1.3245248129707006,328.639380712369,6.760805843861286,-4.363174438637789,-0.8901288298733088,-22.11957199119279
cen,0,1,2,3,1.3014430777436479,297.9529706983295,8.044727352729016,-6.973891361117597,-2.3867284528695145,-23.05775873802606
cen,0,1,3,3,1.3613534359558406,323.96232838897413,9.422127873589519,-6.040081588060636,-3.1400891304955967,-25.0831773516468
cen,0,1,4,3,1.2139048284395684,298.95650906961583,8.063013262617403,-7.909338424833417,-4.250173722087921,-28.802321081596546
cen,0,1,5,3,1.1955814237763578,328.80197857422274,9.625734355284298,-4.374982892176797,-3.91490368692092,-17.795554980069216
cen,0,1,6,2,1.1919174732913964,291.5580542878978,6.582429383542435,-1.311690939615693,-4.3220895651144415,-4.921634234514532
cen,0,1,7,3,1.0436623505841514,297.4954067966088,7.530433792114325,-1.7331457421509744,-2.849877813672415,-19.15550743102195
cen,0,1,8,3,1.2753195195867537,288.43289566037544,8.911049400859039,2.2664015719946438,4.343613401430029,6.960784878980504
cen,0,1,9,3,1.2408857454140136,322.5675770855291,9.417448713490113,-5.982034823293977,-4.1687206598364055,-20.61279359354698
cen,0,1,10,3,1.1856760763570833,283.58177978652884,8.553584513077357,-2.881034008015233,-0.08945996755000962,-8.45677816245916
cen,0,2,1,3,1.30615690023882,307.36567741101413,10.242089413762216,-6.163953611369502,-5.4877920483542155,-19.250099690315313
cen,0,2,2,3,1.197183063728776,281.33860618697156,7.682556705399582,-7.4681777568227385,-2.331546408951356,-32.11276240217043
cen,0,2,3,3,1.1863078699543834,313.8234404117983,7.147903650907428,-3.4758053675983547,-2.112045947035258,-14.459889735996837
cen,0,2,4,2,1.168704768032196,274.45050705996545,7.684856778109562,-5.467898638855024,-3.4115350297273905,-16.424226471609554
cen,0,2,5,3,1.3484195838873525,334.0098713826295,6.909826933324137,-0.7130320774435585,-0.23648540515151822,-2.6031464620193816
cen,0,2,6,2,1.2593018830257918,301.56310867225415,9.006669032549045,-7.660722952300516,-4.4165535321996545,-19.93595749564973
cen,0,2,7,3,1.1835994534728975,296.39900560938406,5.743235056914682,-4.263761016141357,-2.720793404948583,-14.575531538230486
cen,0,2,8,2,1.2125412038195194,300.0610317092842,9.07023059303518,0.0030609223437113877,6.477078918697171,0.023496580349917605
cen,0,2,9,2,1.23617595005188,309.01031577942143,7.600268631141674,-2.15982265734377,-0.9990757453755433,-12.13018671264082
cen,0,2,10,2,1.3574594221681302,293.8152584784372,10.675675435471877,-10.12842073348503,-4.133082575762364,-27.900218298718695
cen,0,3,1,2,1.220098031432343,316.25899132350884,8.934858030021275,-1.8539400880175636,4.201757676165283,-9.59342417782727
cen,0,3,2,2,1.236792535258484,284.8511917167412,8.270013682867711,-7.982381712783559,-4.827362175282365,-31.639588869115936
cen,0,3,3,3,1.2617811032419581,316.46824771941647,7.6435887656973005,-5.4003523537739895,-2.394002236223564,-26.203391262789967
cen,0,3,4,2,1.136273909767894,288.36587122948526,8.350539719295487,-8.270658351817437,-1.9810680898218138,-37.4532682504156
cen,0,3,5,2,1.2013321140395021,337.6771253183969,7.712376425988824,-3.433363487879526,0.710643347795883,-19.459245330571797
cen,0,3,6,3,1.2784010816160958,297.73808839988726,9.20500985935868,-8.716717571700569,-4.010530570134835,-28.396197463297934
cen,0,3,7,2,1.1893068571690506,295.27268389474403,6.206359626455467,-4.406760687506907,-2.2622634584867836,-20.849543792405655
cen,0,3,8,2,1.3268069207412552,311.4884436550229,10.081880706227922,0.9071839515720492,6.647904056705774,2.705326028764714
cen,0,3,9,2,1.1191683082343715,322.59615828857517,5.161686160493624,-1.8483140602377848,-2.85025709785264,-8.54907948020483
cen,0,3,10,2,1.216593188556331,301.16841816354594,9.120973803548521,-7.848458888562556,-4.616696610324938,-26.437169198895365
cen,0,4,1,3,1.1649548396175362,320.56877667596143,4.6777870056164135,-3.124991798077695,-0.9145582306668439,-17.985689058083096
cen,0,4,2,2,1.2193545687760334,277.0975297416366,7.104718016588842,-5.750999234058877,-3.3380676492355725,-22.168289816154
cen,0,4,3,3,1.3520003665700102,304.9146606072379,7.889858797730352,-2.5288042943138045,-1.6754279093632738,-14.22542544194743
cen,0,4,4,2,1.0850433507037778,277.70075243012616,7.436966672363996,0.8276577349546375,1.6207379306393355,2.781833191242388
cen,0,4,5,3,1.3020073055733263,338.52322021285147,5.427032457617972,-0.5702543218447995,-1.7184690732110617,-2.1209426669008136
cen,0,4,6,2,1.4345283897446848,292.6810904765851,8.251316420658192,-7.582370308636868,-3.8788650482081084,-24.085267058927858
cen,0,4,7,2,1.3215879032417561,319.73204172936533,6.262718389819912,-3.868479688909205,-3.2563896096259066,-14.613537432111906
cen,0,4,8,2,1.372853622559255,306.7392457339374,8.930254991784343,0.6953402625287325,3.9788359197843364,2.3503911003112674
cen,0,4,9,2,1.2157266048629367,308.5068982887438,4.866963065943711,-2.1116617257349937,-2.3313650455202604,-10.881992722174974
cen,0,4,10,2,1.1185780224494977,296.9951343171753,7.639840153133015,-7.564133824866648,-3.92962292047955,-30.246553231801386
cen,0,5,1,2,1.3336338268000958,296.7600266736392,6.110649697828767,-4.6558077132481825,-0.46067836483875835,-16.94932738765252
cen,0,5,2,2,1.1643562229199986,287.14048476686116,6.525198312394618,-2.3246150787372217,1.463374346941823,-39.511298620557056
cen,0,5,3,2,1.1567386507020387,337.6088058352565,6.099974235358094,-3.9343798197131044,-0.01423509197671229,-54.18912717417301
cen,0,5,4,2,1.2200009233280298,292.4572709090993,7.860086419401641,-6.292497682804806,-5.40882247821946,-17.427451574323232
cen,0,5,5,2,1.241109478506985,294.24567678228993,6.7432187688748275,-4.860528558592793,-1.9114938291207562,-15.541056595348993
cen,0,5,6,2,1.084546007459906,266.1220260631039,6.19082617009964,-4.122399701715311,1.3109202099797628,-42.269459546499185
cen,0,5,7,2,0.995697368073607,281.5669973390368,6.594981946594216,-0.8568483270858637,-1.7534830796635608,-12.587339085396026
cen,0,5,8,2,1.2194675623141649,301.43654479213404,10.041883877942205,0.7821040588092951,6.086393137444146,2.6814452439653382
cen,0,5,9,2,1.009478132943272,329.5230785068457,4.533605307968356,-3.8682081353948092,-1.7269711562686927,-23.974978137765362
cen,0,5,10,2,1.1953281586840347,303.7856066847495,7.278682079468317,-1.439857709105145,-0.999183163314399,-26.296785195318208
